32.366699
32.449841
31.035315
28.793743
25.348373
21.896397
17.900940
13.916628
10.653237
8.436816
7.138483
7.189215
8.488912
10.691503
13.788232
17.399963
21.378527
25.308386
28.560701
30.894238
31.904427
31.963144
31.026815
28.649515
25.639208
21.841917
17.726622
13.810536
10.732708
8.322939
7.225303
7.217981
8.428915
10.832604
13.862751
17.534420
21.895897
25.865833
29.054731
31.541431
32.757622
32.524628
31.068033
28.637457
25.752874
22.125111
17.872263
13.883027
10.553411
8.196054
7.077843
7.021095
8.224863
10.919218
13.927204
17.539278
21.667023
25.538164
28.833742
31.020006
32.154850
32.073284
30.828732
28.256010
24.995138
21.223251
17.094904
13.374109
10.153563
7.710528
6.398470
6.711907
8.087369
10.672341
13.780186
17.673035
21.670694
25.489723
28.573433
30.934877
32.398083
32.227367
30.813950
28.414318
25.346170
21.621208
17.590315
13.957648
10.759465
8.465856
7.088312
