4.851694
4.883224
4.346579
3.496178
2.189095
0.879513
-0.636242
-2.147762
-3.385781
-4.226608
-4.719140
-4.699882
-4.206813
-3.371222
-2.196433
-0.826279
0.683030
2.173855
3.407641
4.292875
4.676085
4.698349
4.343137
3.441290
2.299315
0.858802
-0.702338
-2.187901
-3.355464
-4.269596
-4.685969
-4.688735
-4.229362
-3.317527
-2.168055
-0.775232
0.879255
2.385208
3.594875
4.538166
4.999500
4.911105
4.358555
3.436544
2.342317
0.966184
-0.647057
-2.160293
-3.423309
-4.317513
-4.741670
-4.763185
-4.306553
-3.284507
-2.143498
-0.773351
0.792395
2.260797
3.510870
4.340152
4.770608
4.739657
4.267566
3.291683
2.054780
0.624048
-0.941886
-2.353224
-3.574804
-4.501462
-4.999125
-4.880224
-4.358490
-3.377984
-2.199156
-0.722578
0.793748
2.242310
3.411959
4.307646
4.862628
4.797863
4.261746
3.351564
2.187823
0.774960
-0.753933
-2.131774
-3.344812
-4.214748
-4.737225
