0.000000
0.000244
0.000435
0.000524
0.000438
0.000220
-0.000191
-0.000752
-0.001354
-0.001902
-0.002360
-0.002585
-0.002524
-0.002191
-0.001538
-0.000620
0.000546
0.001848
0.003067
0.004078
0.004676
0.004933
0.004777
0.003957
0.002759
0.001074
-0.000913
-0.002954
-0.004698
-0.006191
-0.007029
-0.007268
-0.006767
-0.005474
-0.003686
-0.001357
0.001583
0.004413
0.006830
0.008849
0.009999
0.010068
0.009153
0.007389
0.005153
0.002174
-0.001488
-0.005077
-0.008216
-0.010578
-0.011854
-0.012146
-0.011197
-0.008704
-0.005787
-0.002127
0.002219
0.006443
0.010182
0.012803
0.014312
0.014456
0.013229
0.010369
0.006575
0.002028
-0.003108
-0.007883
-0.012154
-0.015530
-0.017497
-0.017325
-0.015691
-0.012330
-0.008137
-0.002710
0.003016
0.008633
0.013307
0.017015
0.019451
0.019431
0.017473
0.013909
0.009189
0.003294
-0.003242
-0.009273
-0.014717
-0.018756
-0.021318
