19.899599
26.184540
30.759907
37.840340
37.297729
39.386200
38.873531
35.070335
30.931299
27.107733
20.730194
12.053057
8.366090
3.420257
2.811667
-0.529400
-0.930727
2.468269
8.788710
14.137070
21.237013
25.037346
30.370512
34.357346
38.893734
39.217400
38.329525
34.959732
32.101292
24.229124
21.823582
15.683239
6.620675
4.283644
0.957860
-1.895400
-0.793119
4.211471
8.027112
13.263482
21.750427
27.780766
30.634115
34.555546
37.638737
41.676800
38.867523
36.069324
32.869881
25.413511
19.422768
13.229045
6.352080
5.737847
1.396462
-0.810200
-0.985921
2.805678
9.319323
14.242294
18.855841
25.254980
33.269341
35.788368
37.481945
40.426998
37.687714
35.729305
31.160658
25.579681
18.040936
12.821596
7.567239
3.211440
-0.200142
-0.816200
0.516083
3.555286
6.754133
12.471907
21.172251
26.562792
33.391750
34.259575
38.690338
39.121399
38.669121
34.362320
30.345476
27.089706
19.466761
12.442420
9.418859
3.608032
1.477054
-1.148200
2.377887
2.411694
7.431744
13.327720
